_C_7ad2_5a13b172_1 84 0 f 0 0 7ff0 
_C_7178_5a242737_4 8c 0 198 0 0 52443135 0 20696e20 0 206f7574 0 636f6d65 0 756c6420 0 2073686f 0 7220462c 0 69737465 0 20726567 0 4620746f 0 20414641 0 72697465 0 a0a57 
_C_2701_5a150a37_1 8c 0 1b0 0 0 65743a20 0 2d726573 0 706f7374 0 656c7920 0 64696174 0 696d6d65 0 75657320 0 2076616c 0 73746572 0 72656769 0 65643b20 0 69737375 0 73657420 0 5265 
_C_6bdc_5a25ef3c_1 8c 0 248 0 0 61746564 0 72756e63 0 62652074 0 756c6420 0 2073686f 0 20524132 0 20414e44 0 20524131 0 74206f66 0 75747075 0 2c20206f 0 6f205239 0 6c792074 0 652d6f6e 0 2d627974 0 69727374 0 74652066 0 a577269 0 a 
_C_453b_5a25eb59_1 8c 0 478 0 0 3d202568 0 64313520 0 25680a72 0 32203d20 0 7c207264 0 20256820 0 6132203d 0 25680a72 0 31203d20 0 7c207264 0 20256820 0 6131203d 0 68200a72 0 203d2025 0 a776432 0 3d202568 0 77613220 0 68207c20 0 203d2025 0 a776532 0 3d202562 0 6e6c7920 0 74655f6f 0 745f6279 0 66697273 0 68207c20 0 203d2025 0 20776431 0 2568207c 0 31203d20 0 7c207761 0 20256820 0 6531203d 0 25680a77 0 74203d20 0 a7273 
_C_5acc_5a1dec0f_2 8c 0 10 0 0 a23 
_C_160f_59f10813_2 8c 0 388 0 0 3d202562 0 69746520 0 7c207772 0 20256220 0 7374203d 0 207c2072 0 3d202568 0 64723120 0 645f6164 0 20726561 0 2568207c 0 30203d20 0 61646472 0 6561645f 0 207c2072 0 3d202568 0 64647220 0 74655f61 0 7c777269 0 20256820 0 5f31203d 0 64617461 0 6561645f 0 207c2072 0 3d202568 0 615f3020 0 5f646174 0 72656164 0 20 
_C_3982_59e00212_1 84 0 7 0 0 70 
_C_6f70_5a1c8468_1 84 0 11 0 0 1fff0 
_C_3982_59e00212_2 8c 0 130 0 0 3d202562 0 65617220 0 6820636c 0 203d2025 0 5f6f7574 0 64617461 0 20256820 0 696e203d 0 6174615f 0 2064 
_C_53b6_5a1dea9d_1 8c 0 430 0 0 3d202568 0 72643220 0 68207c20 0 203d2025 0 a726132 0 3d202568 0 72643120 0 68207c20 0 203d2025 0 a726131 0 20256820 0 6432203d 0 207c2077 0 3d202568 0 77613220 0 68207c20 0 203d2025 0 a776532 0 3d202562 0 6e6c7920 0 74655f6f 0 745f6279 0 66697273 0 68207c20 0 203d2025 0 20776431 0 2568207c 0 31203d20 0 7c207761 0 20256820 0 6531203d 0 25680a77 0 74203d20 0 7273 
_C_729b_5a2427a8_1 8c 0 250 0 0 313a0a20 0 6f205244 0 6e672074 0 65616469 0 65732072 0 72657373 0 20616464 0 75676861 0 7468726f 0 636c6520 0 3b206379 0 73756564 0 74206973 0 52657365 0 2f2f2f0a 0 2f2f2f2f 0 2f2f2f2f 0 2f2f2f2f 0 a2f 
_C_5acc_5a1dec0f_1 84 0 12 0 0 3ffe0 
_C_6f70_5a1c8468_2 8c 0 7d8 0 0 3d202562 0 6e6c7920 0 74655f6f 0 745f6279 0 66697273 0 62207c20 0 203d2025 0 6c655f32 0 656e6162 0 6974655f 0 7c207772 0 20256220 0 5f31203d 0 61626c65 0 655f656e 0 77726974 0 68207c20 0 203d2025 0 74615f32 0 655f6461 0 77726974 0 68207c20 0 203d2025 0 74615f31 0 655f6461 0 77726974 0 62207c20 0 203d2025 0 20727374 0 2568207c 0 32203d20 0 61646472 0 6561645f 0 207c2072 0 3d202568 0 725f3120 0 5f616464 0 72656164 0 68207c20 0 203d2025 0 64725f32 0 655f6164 0 77726974 0 68207c20 0 203d2025 0 64725f31 0 655f6164 0 77726974 0 68207c20 0 203d2025 0 615f3135 0 5f646174 0 72656164 0 68207c20 0 203d2025 0 74615f32 0 645f6461 0 20726561 0 2568207c 0 31203d20 0 6174615f 0 61645f64 0 207265 
_C_46e2_5a237e03_3 8c 0 1f8 0 0 3d202562 0 65617220 0 7c20636c 0 20256220 0 6c65203d 0 656e6162 0 6974655f 0 7c207772 0 20256820 0 7574203d 0 74615f6f 0 7c206461 0 20256820 0 696e203d 0 6174615f 0 3a2064 
_C_5e29_5a25ee09_1 8c 0 470 0 0 3d202568 0 64313520 0 25680a72 0 32203d20 0 7c207264 0 20256820 0 6132203d 0 25680a72 0 31203d20 0 7c207264 0 20256820 0 6131203d 0 25680a72 0 32203d20 0 680a7764 0 203d2025 0 20776132 0 2568207c 0 32203d20 0 680a7765 0 203d2025 0 20776431 0 2568207c 0 31203d20 0 7c207761 0 20256820 0 6531203d 0 25620a77 0 79203d20 0 5f6f6e6c 0 62797465 0 7273745f 0 7c206669 0 20256820 0 7374203d 0 a72 
_C_7ad2_5a13b172_2 8c 0 678 0 0 3d202562 0 655f3220 0 6e61626c 0 74655f65 0 20777269 0 2562207c 0 31203d20 0 626c655f 0 5f656e61 0 72697465 0 207c2077 0 3d202568 0 615f3220 0 5f646174 0 72697465 0 207c2077 0 3d202568 0 615f3120 0 5f646174 0 72697465 0 207c2077 0 3d202562 0 72737420 0 68207c20 0 203d2025 0 64647232 0 61645f61 0 7c207265 0 20256820 0 5f31203d 0 61646472 0 6561645f 0 207c2072 0 3d202568 0 725f3220 0 5f616464 0 72697465 0 207c2077 0 3d202568 0 725f3120 0 5f616464 0 72697465 0 68207c77 0 203d2025 0 74615f32 0 645f6461 0 20726561 0 2568207c 0 31203d20 0 6174615f 0 61645f64 0 207265 
_C_7178_5a242737_1 8c 0 248 0 0 743a0a20 0 72657365 0 6f73742d 0 6c792070 0 69617465 0 6d6d6564 0 65732069 0 76616c75 0 74657220 0 65676973 0 643b2072 0 73737565 0 65742069 0 a526573 0 2f2f2f2f 0 2f2f2f2f 0 2f2f2f2f 0 2f2f2f2f 0 a 
_C_7178_5a242737_2 8c 0 148 0 0 65722044 0 67697374 0 6f207265 0 46462074 0 65204646 0 57726974 0 2f2f2f0a 0 2f2f2f2f 0 2f2f2f2f 0 2f2f2f2f 0 a 
_C_65d6_5a14de76_1 84 0 10 0 0 fff0 
_C_5096_5a14d8fc_1 84 0 10 0 0 0 
_C_5acc_5a1dec0f_3 8c 0 488 0 0 3d202568 0 64313520 0 25680a72 0 32203d20 0 7c207264 0 20256820 0 6132203d 0 25680a72 0 31203d20 0 7c207264 0 20256820 0 6131203d 0 68200a72 0 203d2025 0 20776432 0 2568207c 0 32203d20 0 7c207761 0 20256820 0 6532203d 0 25620a77 0 79203d20 0 5f6f6e6c 0 62797465 0 7273745f 0 7c206669 0 20256820 0 6431203d 0 207c2077 0 3d202568 0 77613120 0 68207c20 0 203d2025 0 a776531 0 3d202568 0 72737420 0 a 
_C_7178_5a242737_3 8c 0 1e0 0 0 79636c65 0 78742063 0 74206e65 0 75747075 0 6765206f 0 6368616e 0 756c6420 0 2073686f 0 4141412c 0 746f2041 0 61746120 0 74652064 0 20777269 0 616e6765 0 a0a4368 
_C_729b_5a2427a8_2 8c 0 1d0 0 0 44323a0a 0 74682052 0 64207769 0 20726561 0 7220442c 0 69737465 0 20726567 0 4620746f 0 20464646 0 72697465 0 2f2f0a57 0 2f2f2f2f 0 2f2f2f2f 0 2f2f2f2f 0 a2f 
_C_46e2_5a237e03_2 8c 0 8 0 0 23 
_C_46e2_5a237e03_1 84 0 9 0 0 1e0 
_C_65d6_5a14de76_2 8c 0 720 0 0 3d202562 0 655f3220 0 6e61626c 0 74655f65 0 20777269 0 2562207c 0 31203d20 0 626c655f 0 5f656e61 0 72697465 0 207c2077 0 3d202568 0 615f3220 0 5f646174 0 72697465 0 207c2077 0 3d202568 0 615f3120 0 5f646174 0 72697465 0 207c2077 0 3d202562 0 72737420 0 68207c20 0 203d2025 0 64647232 0 61645f61 0 7c207265 0 20256820 0 5f31203d 0 61646472 0 6561645f 0 207c2072 0 3d202568 0 725f3220 0 5f616464 0 72697465 0 207c2077 0 3d202568 0 725f3120 0 5f616464 0 72697465 0 207c2077 0 3d202568 0 5f313520 0 64617461 0 6561645f 0 207c2072 0 3d202568 0 615f3220 0 5f646174 0 72656164 0 68207c20 0 203d2025 0 74615f31 0 645f6461 0 20726561 
_C_160f_59f10813_1 84 0 b 0 0 7f0 
_C_570a_5a25ed34_1 8c 0 208 0 0 61746564 0 72756e63 0 62652074 0 756c6420 0 2073686f 0 20524131 0 74206f66 0 75747075 0 2c20206f 0 6f205239 0 6c792074 0 652d6f6e 0 2d627974 0 69727374 0 74652066 0 a577269 0 a 
